100
4 2
5 2
6 2
1000 1000
1000 1
500 117
999 1
1 1
373 303
349 313
1000 488
1000 511
826 623
500 105
500 251
1000 489
754 739
535 530
593 445
500 244
3 2
765 707
1000 500
999 2
500 127
500 161
344 268
4 1
1000 999
321 289
736 642
500 1
500 116
804 729
500 250
538 457
3 1
945 942
1000 127
999 487
293 254
500 248
296 281
828 623
1000 256
932 818
426 410
999 128
999 511
484 365
427 326
500 2
349 337
1000 384
964 754
2 2
999 255
999 998
1000 255
594 459
500 499
999 999
500 500
446 419
1000 499
843 747
5 1
883 842
2 1
500 249
422 374
999 497
500 256
531 477
999 512
500 245
817 628
1000 512
999 498
999 496
397 314
383 349
1000 128
1000 498
1000 2
999 127
980 949
999 488
1000 506
999 256
669 553
500 255
999 342
906 691
928 776
683 564
490 436
999 499
500 128
578 435
